330.546231
324.747613
326.3834
324.808941
323.103036
326.114814
328.368677
322.323647
327.205438
322.781712
328.239329
328.360787
324.206845
324.887149
328.23883
326.112516
324.262979
331.259497
328.153929
321.083897
322.470675
323.562498
321.58621
327.462937
325.646561
323.415271
326.486479
328.163218
324.563728
325.600016
330.738706
326.010136
323.448132
322.343724
326.842163
323.641007
327.012064
331.004396
326.373111
322.543191
324.178178
322.301374
322.890984
323.096444
325.671332
323.545818
330.288932
326.455914
323.009645
322.186707
322.378284
326.045495
321.622567
323.372921
323.641206
324.200452
322.679731
329.074053
328.137149
326.828379
325.178908
323.064481
321.864285
326.694536
326.99898
321.56064
332.94952
324.962961
326.954432
330.519263
330.406994
328.002306
323.628221
327.459841
326.736786
322.478766
330.366142
321.502608
324.055223
328.363384
329.887901
323.929569
326.674859
325.097703
327.497197
321.862287
325.119877
322.669143
324.952672
322.239845
324.369955
322.84304
328.05914
322.550482
327.255879
323.163665
325.173115
322.452596
322.960602
321.78188
322.727475
322.173922
324.924905
324.866374
326.978004
328.787388
328.758822
324.118948
322.507233
329.599139
323.875133
325.771914
327.266966
325.301965
323.733399
323.406281
322.921848
324.650326
329.172238
329.627106
322.704002
322.484859
325.008707
325.240236
328.108482
321.03865
326.561392
324.464843
326.840565
382.258355
329.218783
327.692169
325.863207
323.738593
325.660945
323.146984
328.257108
322.044074
326.184832
324.123243
325.36549
325.119578
324.753006
321.575622
326.866235
322.070643
330.517266
323.209712
327.391321
326.674759
330.780857
324.520379
324.585702
326.68215
321.699677
323.973318
323.987801
322.051565
332.602627
321.754314
325.440703
329.379096
325.634675
325.166523
323.456722
330.993708
324.420296
328.830738
326.032011
326.402278
326.064173
325.854118
323.50177
324.20205
325.997351
327.784162
326.422853
326.051687
330.358252
323.434648
328.218354
323.928071
322.246337
321.79996
322.812975
326.610434
320.49948
333.362738
323.712124
327.735419
330.597471
321.139832
328.436698
325.6136
323.652893
327.189656
330.139507
322.714789
324.06561
324.595091
321.788873
325.5278
324.884053
320.803326
323.004651
323.957137
327.052917
322.592333
325.273997
324.396024
326.366419
330.824606
324.174782
325.22865
325.225953
327.463935
326.633008
326.299997
326.045395
325.928731
324.520578
326.218493
322.103105
329.506947
324.81014
330.000569
327.181965
330.999102
324.772284
321.633754
327.949867
327.467232
322.309963
323.086155
327.449553
323.244671
322.419235
327.485911
322.128475
322.621499
321.738731
324.71595
332.318658
327.743109
326.919773
324.163795
322.00502
325.649258
324.460648
327.832504
330.250078
327.216626
322.295081
325.449193
327.65721
329.630801
325.029783
334.985739
322.129175
322.287289
321.635153
322.035983
383.337093
447.768941
437.651673
443.096406
441.975317
350.625948
324.138924
327.833304
327.88804
331.965072
325.887979
329.35063
322.372291
323.240475
323.978912
323.460319
324.049829
325.506326
323.249665
324.680491
325.592025
321.734136
323.328373
323.92977
324.335695
322.739661
324.709357
326.492273
323.085556
322.908464
328.202872
324.217333
326.677455
324.101269
325.437506
324.235012
323.596958
323.409977
322.616705
325.559962
325.785699
325.866205
326.077956
327.355962
321.13264
322.470675
323.872037
324.138025
341.598506
326.607937
326.413564
323.137596
325.195289
329.628305
322.084626
327.76838
323.75797
325.337623
328.868494
323.556206
325.706991
324.540654
324.04883
323.926872
326.752568
333.060091
326.500862
324.274865
322.377685
329.382193
334.725744
327.710148
326.607837
327.570911
325.853819
329.759652
322.062253
323.448931
323.146985
322.328143
322.003422
331.853103
328.326228
323.068676
323.993195
326.947639
329.126691
324.052825
329.487469
326.243163
325.306959
323.748082
326.344145
326.550704
323.440941
323.973118
325.810469
330.713336
322.721582
324.804247
323.810408
326.961024
320.882134
327.698661
335.347716
322.878599
327.0667
322.17562
323.687352
323.965727
325.798683
327.368748
325.399351
323.762165
327.131225
325.623288
328.207467
335.97738
333.452133
353.038827
333.308301
329.002037
326.465903
329.586753
328.444589
323.754474
327.224116
322.280099
332.410252
325.008008
325.11708
328.125062
330.181858
326.596051
321.237218
329.11121
326.073662
327.663402
324.08339
323.732999
325.003114
321.795765
321.265285
323.936162
325.118879
330.961046
328.798176
329.539909
326.568683
321.720653
328.055444
323.171056
322.412543
322.091219
324.751608
325.607707
324.385337
325.152839
327.026348
324.954571
326.085048
326.53642
328.14494
325.380372
326.116112
328.030274
329.061168
326.065372
327.354364
327.34937
333.89931
323.260451
327.235702
325.979472
322.117489
324.548845
321.532373
327.146008
326.910083
327.947271
325.678824
324.979142
329.9744
322.622398
324.122544
328.695595
324.200353
322.510029
321.350286
321.666916
321.420304
326.068668
327.426479
326.9815
325.799083
322.100608
321.99713
328.08461
327.869362
322.480464
323.567393
324.094576
323.068975
330.071187
323.117619
323.086456
324.60448
323.653593
323.092848
326.014031
324.870169
332.995966
324.198555
330.946862
326.371014
326.946741
329.226574
320.936869
328.615789
324.827719
325.326835
328.273688
321.964168
332.708103
327.465334
321.973457
324.898536
327.077488
326.517143
325.386166
327.574507
322.598526
326.099631
322.373689
391.114798
322.498843
323.309195
322.777916
323.541523
323.764762
326.850453
324.290547
325.004012
325.390261
325.300566
322.973387
324.863777
331.264491
323.598257
321.711063
327.723233
325.529498
328.610695
325.120077
327.847887
327.400211
333.822
328.823745
323.400088
327.747504
325.413234
326.187529
331.743331
321.188275
323.78354
328.610295
321.70637
323.17645
325.51921
322.836547
327.528261
327.246989
324.603681
327.518072
326.640598
322.420434
326.679653
322.686424
326.893304
321.386644
323.609045
326.988392
323.977313
326.043997
325.236541
334.476235
327.24709
326.14318
324.464644
324.591296
325.913649
323.114023
324.247997
324.432581
322.579648
326.628612
329.254941
322.649866
325.894172
325.636473
325.275295
328.431605
332.664953
322.924045
326.441931
326.531426
323.741489
322.445604
327.687874
323.880027
323.703833
321.788473
322.549084
323.409478
321.972957
324.925005
328.57254
330.32489
324.255788
333.866049
324.647729
322.177518
326.586862
327.127929
328.462469
324.141122
324.45865
323.619432
332.200597
322.173523
324.300036
323.358537
325.026586
323.078364
324.354472
324.1597
326.204809
321.941993
325.253021
326.163457
322.949115
325.851821
327.149504
321.853397
327.720636
324.017166
324.948977
327.602673
328.005902
322.360804
330.463129
323.229488
325.147745
321.955777
337.219127
326.488576
330.122227
325.332129
322.76583
324.201552
322.900573
322.835249
324.595191
327.168981
321.606087
322.985473
325.7848
325.457083
326.966818
323.006848
325.326037
329.89699
329.914869
335.054758
324.348679
323.977613
327.531857
328.13545
324.575814
324.247598
323.350946
329.492363
326.846259
326.475092
325.785299
327.180867
322.393466
323.923177
328.976068
324.460049
330.126921
322.620001
324.466341
324.409008
327.550635
326.4683
327.997812
323.139793
321.592103
324.842901
327.738215
331.081805
322.398459
329.451611
323.46701
322.142959
329.175234
324.558334
331.389545
325.05755
324.118748
325.833942
324.14322
331.480838
326.211001
328.706183
322.399559
331.534575
323.018235
324.57851
330.233997
322.297279
325.429315
322.316656
326.728896
329.612323
324.353174
327.28964
328.451581
322.346421
322.513226
329.858835
325.11688
324.683088
325.261512
337.236906
326.506056
325.307458
327.820019
327.962253
322.607016
324.332598
327.166784
323.798123
323.485288
321.790171
328.792382
327.222218
328.264899
324.902731
329.742371
325.667737
324.500801
326.748972
323.829086
326.78463
328.421217
321.974656
322.694514
327.301426
323.292015
331.01698
329.113307
322.097512
322.651064
325.421525
325.950206
321.732239
326.680951
332.000031
324.622958
326.548207
325.333627
323.437744
327.499894
321.709166
327.735019
322.73157
325.648459
327.444758
328.038364
323.730102
324.687583
324.918513
321.819038
328.278584
323.908294
325.958697
323.271439
332.771929
325.449891
327.617956
325.521008
329.132684
325.455685
323.803217
320.988109
324.380342
326.136088
326.666768
327.718938
326.834972
323.992495
329.498057
324.227121
321.638948
325.618794
323.933764
329.879711
326.307488
324.492212
325.758231
324.975346
323.054393
326.692339
325.402746
325.576742
323.265546
323.562099
321.837616
325.008607
321.502807
327.533554
324.340089
324.104365
324.74172
328.109481
322.715489
324.320212
323.807312
326.936153
327.048222
327.297731
322.305169
325.533793
323.117119
324.994124
323.397591
322.3645
321.150619
325.142751
328.398643
322.862417
324.500402
327.701558
324.182074
328.442092
321.988239
324.800351
330.463728
325.361095
325.223256
329.701519
324.191562
324.635743
321.909931
324.658317
327.089774
329.434032
322.63758
325.648958
331.844513
323.448132
325.057251
323.144787
326.435539
325.9559
328.001707
323.737094
328.303354
325.062645
322.512626
322.830255
327.207037
323.908394
327.353565
322.404653
325.958697
323.081361
325.823954
323.819298
324.799252
322.672339
324.260183
321.579118
323.797424
321.461656
324.39872
324.688681
325.556367
321.494417
326.864736
332.275908
323.153377
322.559771
322.388971
320.801128
323.973218
322.416439
324.242703
326.043197
321.200361
323.341957
377.27778
324.559833
321.058726
324.507294
324.704563
328.047553
324.90403
321.291055
323.323078
322.179116
329.067261
327.140913
329.17913
327.408002
324.767589
329.176633
322.965796
329.741972
326.617026
323.337262
329.703916
331.096088
325.234743
329.153959
323.762565
321.475139
325.744047
330.202634
340.721231
327.234903
325.118579
326.089044
324.899136
325.331629
324.006279
333.157877
329.501852
325.747643
327.025349
322.905866
325.675428
321.14193
324.590596
322.511728
328.548168
324.048231
326.308487
321.712462
326.338952
323.697641
325.63917
329.64079
325.898467
323.137296
328.136149
338.986461
323.748181
324.45056
327.941678
329.869023
325.811968
327.206637
325.763724
323.509261
322.08213
324.419497
324.298838
330.373134
323.555407
330.009359
325.498234
324.413303
325.424421
325.186299
320.701045
331.008391
323.171756
328.730654
325.234143
327.153399
326.319075
329.918765
324.682689
325.979072
324.606078
326.403776
327.440963
327.385727
322.750049
329.313174
328.055045
333.236884
322.688421
326.192622
322.133869
331.673013
327.814326
326.40018
326.436238
328.816454
328.880679
324.676795
322.007018
321.703473
326.856746
327.060008
326.261842
333.691753
330.379726
330.347563
331.126553
322.207882
334.559338
324.823423
327.299029
328.721066
324.892044
325.813067
325.809771
337.068104
323.630919
322.592333
324.046533
328.847218
331.772098
332.075742
320.402694
330.920194
329.526623
326.961424
325.850123
322.535799
325.673829
325.051158
323.316786
