307.840885 
311.077699 
307.796536 
313.072166 
299.257024 
302.936121 
300.807810 
301.713550 
297.460224 
301.317414 
303.606537 
298.295149 
302.745244 
300.267542 
300.331966 
296.375893 
300.579376 
298.672307 
301.220327 
298.574522 
302.222456 
305.667727 
296.765038 
301.135826 
297.172562 
299.599023 
304.504087 
298.656026 
302.613098 
301.099169 
300.288717 
301.432080 
297.634821 
297.677071 
306.504248 
300.734196 
300.660982 
301.582005 
308.430396 
301.530364 
297.931174 
298.488222 
300.251760 
297.697447 
317.289634 
299.991165 
298.989336 
301.906325 
331.806957 
347.246401 
299.986670 
303.106821 
296.779921 
302.345912 
298.579915 
298.782079 
299.140760 
303.071762 
301.283054 
301.294041 
299.932834 
300.042305 
299.282494 
297.460824 
297.779151 
296.112801 
305.855107 
297.287727 
297.038018 
304.429674 
300.591463 
301.047130 
298.968061 
302.516211 
301.145015 
299.490850 
299.478764 
301.297337 
304.085377 
297.837384 
300.556204 
301.763991 
302.675925 
297.962038 
305.427307 
300.109027 
303.857144 
302.279888 
300.967523 
303.180834 
304.185859 
303.153567 
300.825189 
304.833003 
304.069895 
301.403414 
301.424389 
309.512530 
303.398580 
298.304038 
300.708127 
296.949223 
311.121947 
300.622027 
302.275993 
302.875592 
302.046461 
300.196324 
298.090189 
302.029781 
296.072848 
305.970372 
306.353924 
303.544209 
301.376245 
306.043987 
306.024210 
300.126607 
299.908361 
297.404690 
298.773089 
299.400256 
299.052163 
298.436083 
297.759175 
296.668152 
301.870068 
300.979409 
320.951253 
298.138032 
299.103703 
299.398159 
300.959332 
299.481461 
302.215164 
300.235579 
300.008944 
299.459786 
300.902599 
301.574014 
298.634752 
300.585869 
304.087175 
298.939994 
309.832855 
299.189902 
306.961413 
307.753187 
301.211937 
303.908783 
299.467678 
298.621667 
305.589518 
303.073060 
303.524832 
297.288026 
298.726643 
297.581983 
304.949966 
304.794148 
301.793157 
299.409246 
301.921807 
298.126446 
303.998078 
300.808609 
301.278759 
297.713229 
297.459226 
303.134789 
300.473701 
300.109227 
298.027961 
296.514830 
299.145454 
299.056258 
304.042827 
305.808462 
305.347002 
298.254895 
300.710224 
298.991534 
297.952449 
305.272588 
310.346754 
299.702503 
299.906164 
301.157601 
301.008375 
300.758867 
300.779043 
299.442007 
300.691047 
302.886579 
303.026216 
299.921447 
299.301371 
298.655827 
302.629280 
308.359778 
302.237937 
303.657876 
305.785089 
301.917711 
301.045632 
298.632853 
298.315724 
300.485087 
297.662888 
297.243978 
304.329492 
299.138163 
301.713251 
300.416268 
299.613707 
299.443605 
301.318912 
302.175910 
297.481000 
296.427133 
300.303999 
299.987669 
297.794334 
297.985910 
308.142932 
300.084156 
300.226590 
298.515591 
302.856914 
311.112459 
297.831590 
305.531885 
301.465840 
304.266665 
296.183618 
303.954530 
296.387479 
301.599484 
303.301094 
300.380010 
301.754203 
297.429460 
298.126645 
316.778832 
305.984656 
301.374647 
301.415300 
296.723686 
297.954148 
304.222017 
301.192360 
300.861147 
306.406762 
297.878236 
297.763071 
297.777254 
304.286841 
300.932464 
300.267642 
303.056979 
302.516212 
297.635120 
296.889592 
298.087291 
299.521214 
303.070364 
296.730978 
304.311712 
301.005079 
298.434585 
304.271060 
302.949405 
297.494984 
302.448591 
305.290367 
299.981975 
296.481569 
303.107820 
302.068636 
299.105700 
309.843043 
299.423329 
298.709264 
304.017656 
304.189654 
299.643572 
302.771813 
303.407469 
297.105140 
303.204407 
298.943191 
297.408685 
302.720373 
299.644770 
297.277838 
298.899042 
301.328601 
300.730999 
300.888915 
299.141458 
298.516590 
305.559852 
297.689756 
298.364867 
297.788741 
300.325275 
298.769094 
298.971957 
301.540653 
302.878088 
300.491480 
303.263538 
297.012049 
300.320779 
309.605121 
300.638408 
305.947899 
305.747933 
300.024326 
297.849869 
298.581313 
302.487146 
298.248503 
303.335554 
298.336500 
302.235540 
302.783000 
301.610071 
298.481929 
299.320849 
300.940455 
303.625914 
299.711891 
303.860640 
300.974515 
297.543728 
305.713473 
301.055920 
299.297976 
298.707066 
297.542728 
297.561307 
298.538363 
299.070442 
304.490304 
300.415668 
298.721250 
302.121174 
297.581883 
295.500217 
300.996989 
299.449198 
305.769707 
298.083196 
302.826449 
297.853864 
300.804214 
300.577778 
299.636979 
298.953279 
304.076287 
299.642473 
297.568099 
299.200789 
302.294371 
303.555996 
299.361301 
297.641713 
302.841231 
304.259772 
296.546693 
301.917911 
297.645508 
304.481114 
303.754564 
305.062435 
297.932473 
299.476167 
296.861825 
295.965173 
303.981897 
306.052277 
295.749425 
299.617502 
302.816161 
300.953439 
298.230624 
297.958142 
297.981715 
302.412233 
298.638447 
304.506983 
306.656470 
296.995169 
298.107468 
298.852197 
298.982944 
301.687081 
332.045778 
313.239871 
321.774290 
304.302422 
296.468484 
297.382216 
301.138523 
300.415568 
298.293949 
301.889644 
297.233590 
300.173552 
302.275693 
299.821564 
298.082697 
300.529635 
304.973438 
305.391549 
330.443751 
299.010411 
302.421123 
297.374225 
298.474738 
303.533822 
296.630195 
299.921546 
301.253988 
307.323490 
297.441447 
303.093537 
299.280896 
301.392626 
297.703241 
300.109027 
298.372957 
298.721550 
312.824257 
299.297476 
306.173135 
299.436114 
297.713030 
296.534208 
297.146192 
296.735672 
302.330828 
295.807258 
307.484302 
312.960997 
301.079092 
345.641278 
316.959921 
297.137602 
301.188764 
298.145423 
299.439610 
299.214473 
304.166382 
300.938058 
301.730730 
302.627082 
306.390781 
299.586638 
300.975114 
307.977125 
301.012670 
297.580983 
299.740758 
298.192568 
302.068935 
299.832950 
300.251560 
297.284830 
299.339027 
301.198852 
301.963958 
299.759935 
302.597017 
298.648635 
301.463743 
301.780473 
302.111385 
300.514154 
302.183501 
299.840541 
298.365067 
299.390167 
297.102244 
299.001822 
300.453524 
304.693365 
303.299496 
305.579629 
302.432010 
300.321778 
302.593621 
301.681288 
299.141159 
302.220357 
300.645600 
298.845006 
299.731069 
299.487853 
300.878427 
303.123601 
308.386847 
301.016665 
303.715509 
328.749233 
300.227689 
300.781940 
296.900179 
329.633399 
297.250970 
302.280787 
299.803984 
300.837975 
299.319250 
298.639945 
299.892480 
298.857790 
301.173782 
299.570556 
303.788025 
303.926363 
302.453285 
304.833402 
299.840541 
299.027192 
301.290445 
299.726574 
297.491588 
297.755779 
299.432918 
302.795985 
300.322078 
299.729871 
297.307503 
305.118269 
300.299405 
298.491020 
297.948354 
298.751015 
299.012410 
299.766827 
301.531064 
311.109562 
292.584926 
304.846287 
300.435845 
302.453885 
302.557863 
296.945027 
299.812874 
295.564741 
298.189971 
298.856991 
302.701395 
302.253819 
295.616980 
301.747112 
303.771144 
301.882953 
301.544448 
296.860725 
304.446454 
298.472541 
303.928960 
302.340717 
300.913187 
302.299965 
299.286489 
301.573014 
302.329730 
299.357506 
297.465718 
300.981906 
299.534099 
300.907993 
302.620990 
303.281816 
299.567660 
302.471964 
297.162873 
300.821894 
303.191123 
301.157201 
302.383966 
302.325534 
302.838036 
300.419764 
304.813626 
298.084694 
301.172983 
307.286533 
302.520107 
299.580446 
301.778475 
298.536166 
300.617533 
299.807080 
299.708196 
295.512203 
298.627660 
301.234211 
297.519555 
299.731368 
299.555974 
300.174051 
302.488844 
297.539332 
301.283054 
299.568859 
306.423042 
300.052393 
297.630926 
303.881715 
299.702702 
302.606407 
303.701326 
301.135826 
298.686591 
297.919488 
299.430520 
299.669841 
304.862468 
303.463903 
305.603601 
301.653721 
299.520516 
300.890613 
298.208949 
298.383545 
303.572676 
299.197194 
307.555419 
300.742087 
302.786895 
302.851419 
299.112193 
301.037141 
304.622249 
297.786443 
297.020039 
304.167081 
301.664508 
300.248564 
296.468484 
298.989137 
305.479547 
299.972787 
300.222594 
307.605560 
303.501660 
300.442338 
296.786913 
296.803293 
296.778622 
303.947738 
297.412081 
300.499969 
300.948745 
301.685383 
306.758350 
300.254557 
296.288695 
301.049527 
306.260533 
305.916336 
307.230798 
300.209509 
301.008775 
299.862815 
301.179075 
300.100437 
300.238375 
301.621158 
302.167220 
304.433170 
304.246489 
299.460586 
304.024448 
297.882032 
301.290745 
300.976613 
301.308724 
303.251052 
301.165591 
306.055273 
311.389235 
299.334633 
304.176870 
309.269214 
299.137163 
300.831981 
300.410974 
296.775026 
304.400608 
311.873469 
308.441482 
305.160420 
307.680971 
298.997027 
300.548713 
298.375654 
299.047069 
300.082158 
297.289724 
296.245845 
301.722241 
300.489182 
298.813842 
300.133499 
297.600960 
297.563504 
301.672698 
314.032844 
301.669502 
301.555635 
300.940654 
300.343752 
301.028352 
297.214113 
301.607974 
298.586807 
298.811645 
303.049888 
301.910221 
298.911228 
304.251083 
319.165740 
317.284541 
403.852101 
345.639280 
302.697400 
308.748623 
318.859199 
315.663736 
307.155486 
297.416476 
299.857321 
299.275202 
302.507023 
324.381940 
307.438256 
308.603992 
305.764413 
300.581375 
300.424558 
298.720051 
302.019693 
302.434607 
298.894048 
298.587706 
298.093384 
303.008636 
299.454292 
300.668773 
303.048389 
305.612491 
298.421501 
300.105531 
300.071371 
299.121382 
295.726752 
300.830982 
301.020361 
300.552508 
304.740610 
302.330429 
299.579446 
299.373088 
299.566861 
299.994961 
297.718822 
300.440739 
302.202479 
300.834878 
307.064593 
298.024265 
304.472524 
299.666844 
305.304551 
298.999824 
302.988559 
305.600705 
296.991273 
304.903520 
304.146605 
300.720512 
303.283415 
302.825949 
300.254457 
305.115672 
299.641474 
299.648865 
299.716486 
301.881354 
300.836476 
299.300972 
304.003472 
299.561967 
296.019310 
302.372979 
298.745722 
300.595258 
300.152076 
302.840633 
302.474561 
296.620907 
298.338797 
296.798100 
302.013900 
305.483442 
301.449559 
306.103816 
301.804245 
298.116657 
309.229061 
301.238206 
299.006916 
305.182594 
298.277669 
301.494406 
298.038249 
303.706320 
300.177947 
299.562166 
299.955607 
302.936420 
301.490911 
305.479346 
302.328132 
306.164446 
302.923535 
301.953071 
304.475121 
314.020258 
301.491211 
301.234411 
299.704301 
298.461154 
311.813039 
309.107603 
315.309451 
302.103395 
302.501529 
303.263338 
354.047646 
308.844810 
301.759796 
298.290553 
300.479593 
297.888424 
297.113730 
298.651032 
302.124770 
301.238107 
307.031831 
299.807180 
297.321187 
300.973416 
306.077248 
296.796301 
301.127735 
301.673897 
297.493785 
299.538494 
301.320310 
302.003812 
299.901569 
304.582495 
302.209771 
300.546316 
298.762302 
301.037441 
306.821577 
413.361480 
415.420572 
409.966351 
413.504912 
350.358760 
303.035704 
299.355209 
300.402584 
296.786613 
299.809178 
298.104271 
299.824859 
301.826718 
303.209102 
307.507375 
305.605998 
304.561420 
302.442598 
297.528845 
296.988077 
304.819019 
300.895906 
298.092086 
299.047967 
308.583317 
301.838504 
298.731838 
303.280518 
300.995090 
297.760474 
303.627113 
304.573106 
300.629618 
302.623886 
296.629696 
300.019232 
301.334994 
297.220705 
300.371320 
298.606085 
301.706858 
300.401785 
300.024626 
302.302461 
307.811419 
303.707519 
305.598208 
297.460824 
305.503618 
298.603788 
300.154474 
299.642373 
299.055159 
297.288526 
298.415508 
303.293004 
301.663309 
301.337590 
301.575812 
298.934401 
301.714550 
299.971288 
300.049197 
316.221883 
302.165422 
301.081290 
302.857313 
299.898573 
299.726474 
304.636632 
297.759575 
301.933094 
302.433908 
298.196264 
297.240482 
302.669932 
297.297715 
299.863015 
297.477005 
301.072800 
309.908966 
302.642065 
302.278290 
308.906738 
298.583012 
300.061483 
301.845497 
297.054200 
299.775117 
298.130041 
308.196569 
297.797330 
297.493986 
299.566562 
302.512816 
303.188126 
299.592231 
303.256746 
300.215702 
296.905074 
304.044125 
300.334363 
307.125920 
297.776355 
300.568091 
297.995399 
297.984812 
301.057318 
299.611709 
298.432288 
297.980017 
298.757008 
302.842430 
304.944871 
304.450549 
300.633813 
300.270838 
303.030110 
301.411304 
297.726913 
297.735303 
298.965065 
299.692115 
299.679729 
301.864774 
300.630018 
