308.955881 
305.922228 
300.670969 
312.811571 
301.270968 
301.421891 
300.587168 
298.019670 
298.484427 
297.240582 
300.690248 
302.841032 
304.669494 
297.907801 
298.667214 
298.758307 
300.725407 
298.399226 
299.722979 
335.978278 
327.918105 
301.836706 
317.099557 
402.974327 
419.446064 
386.192154 
387.940709 
373.526666 
302.114382 
300.810707 
303.282716 
302.059046 
302.308155 
299.958104 
297.098847 
297.033024 
298.391336 
296.858129 
300.975513 
302.254817 
304.292934 
301.937688 
306.537110 
301.657516 
298.050135 
302.099600 
304.835499 
301.183870 
314.436671 
303.788724 
298.664516 
306.473783 
300.180844 
304.965947 
297.826896 
296.472680 
300.959233 
297.130211 
298.803953 
302.706189 
301.982536 
304.955359 
300.962829 
299.604017 
303.184231 
296.273513 
300.971219 
304.468329 
305.593313 
299.584041 
302.066338 
303.709716 
296.930245 
299.334233 
302.308755 
298.683693 
297.272444 
300.622327 
300.334563 
301.306726 
298.346987 
298.658923 
303.853348 
299.022598 
298.702772 
299.346919 
310.448435 
308.097885 
299.921246 
301.816230 
300.685653 
298.839512 
330.512470 
298.051933 
301.820625 
301.780971 
300.833580 
305.137047 
297.454232 
308.639551 
299.232951 
299.226359 
297.622435 
303.393086 
299.424428 
298.688389 
301.661311 
299.067445 
303.514544 
304.788854 
302.316745 
307.375229 
301.957266 
296.593938 
296.421440 
300.743984 
309.697814 
306.875114 
301.576112 
303.087344 
298.150417 
297.607453 
300.898903 
297.577987 
299.764929 
301.422890 
299.479064 
303.423252 
302.635972 
302.262109 
301.644032 
305.193981 
302.861409 
297.775056 
298.944788 
297.593569 
300.655189 
299.516919 
297.187543 
299.333435 
297.539732 
300.212206 
297.850469 
300.249063 
297.038817 
301.922806 
299.584940 
297.031526 
295.820942 
303.326265 
296.846043 
296.834856 
308.107373 
302.910450 
299.884790 
302.622487 
300.023227 
296.753152 
299.212776 
300.504364 
307.701348 
302.173313 
306.212989 
305.876882 
300.501169 
303.971111 
302.612599 
298.322716 
309.053367 
304.170178 
300.575981 
298.553146 
300.020231 
303.774540 
299.387470 
297.581583 
298.435384 
298.653030 
301.559431 
302.259312 
297.956444 
298.693782 
304.533253 
305.931717 
301.863276 
301.419894 
321.411414 
302.177808 
307.929481 
300.097541 
306.163846 
297.436153 
307.849775 
297.692454 
303.882115 
298.051533 
303.270630 
300.733697 
299.641973 
302.254817 
303.540913 
303.681649 
301.533861 
297.503574 
303.898496 
298.559140 
298.548752 
300.795724 
309.102909 
302.418925 
302.515913 
302.501329 
298.622765 
301.982237 
303.913078 
302.435706 
299.285391 
303.717906 
299.210278 
304.097562 
300.148481 
302.353402 
297.615743 
305.859502 
297.341863 
298.636149 
297.258561 
300.725706 
299.475069 
305.808661 
298.641643 
302.224454 
300.398888 
302.296569 
299.791099 
298.486824 
301.274964 
298.087391 
299.909160 
296.827865 
301.331297 
298.178684 
305.989450 
298.392934 
296.792905 
300.613338 
302.273496 
303.455414 
300.673866 
299.016205 
298.260189 
299.145254 
300.611040 
301.688879 
302.000215 
302.123271 
297.749587 
299.749148 
297.875739 
300.629318 
300.650094 
301.639037 
302.603011 
304.416989 
300.975513 
304.940177 
298.172991 
300.027722 
308.994037 
302.318543 
298.561837 
301.645730 
301.461245 
298.621267 
301.776277 
301.977742 
302.542381 
296.698415 
299.418734 
299.439510 
297.601660 
298.952979 
298.375854 
300.837175 
298.135136 
313.786931 
301.015667 
298.229525 
302.276493 
296.799098 
300.485586 
298.451166 
298.907532 
298.932902 
296.790208 
297.193137 
301.997718 
299.660751 
303.046891 
303.509850 
301.358266 
299.347417 
301.400617 
300.068774 
299.850929 
298.255595 
299.556573 
296.377791 
301.072300 
301.934092 
296.358613 
297.550220 
301.488314 
302.076826 
304.196546 
302.969482 
301.768287 
299.416736 
301.725536 
301.062812 
300.561398 
301.133029 
299.132869 
302.666236 
300.086453 
296.599231 
298.442077 
300.790630 
300.607045 
299.292283 
305.161918 
299.001323 
304.111646 
295.736141 
298.318022 
298.735633 
301.265974 
299.855224 
298.593899 
302.915745 
300.321878 
298.963167 
301.256385 
298.882561 
301.150309 
299.000224 
297.721219 
302.953301 
296.270117 
299.518617 
305.020883 
297.445343 
303.244760 
299.777615 
307.985715 
302.249024 
300.671370 
297.563105 
298.854894 
299.379080 
301.616164 
309.175824 
303.658277 
302.891173 
298.842108 
301.205045 
300.969221 
297.986709 
300.333764 
300.717515 
300.867041 
298.393333 
297.391904 
306.493761 
300.860648 
307.150292 
296.805990 
309.761439 
297.880234 
296.328348 
302.599215 
302.106191 
298.912427 
300.580775 
300.646099 
305.284374 
304.706051 
300.249863 
300.307894 
295.761311 
303.981798 
304.107551 
298.531273 
297.680467 
298.934501 
307.427868 
302.485648 
302.976074 
301.092877 
299.566961 
297.481700 
301.208840 
305.166912 
302.971580 
299.138962 
305.249615 
296.716894 
300.160267 
300.949444 
300.845865 
301.688180 
300.863545 
300.859749 
300.991395 
299.876899 
301.217631 
323.712623 
400.136147 
305.702585 
315.037269 
298.112162 
298.076903 
303.911181 
301.715648 
300.616434 
303.595649 
299.370092 
297.207220 
301.788063 
304.841892 
305.661534 
303.017326 
300.089150 
299.403652 
303.148872 
303.067967 
300.557802 
302.450190 
297.550020 
297.269148 
304.426578 
302.297768 
304.683078 
308.196270 
302.145446 
300.643402 
300.798022 
302.118078 
300.661780 
301.759297 
296.459995 
302.006907 
307.246979 
296.950821 
298.241012 
301.199652 
299.249133 
298.565233 
296.550788 
297.214013 
297.865451 
301.523972 
311.603984 
298.411312 
301.421992 
297.422868 
302.220457 
300.213705 
301.507092 
304.084178 
298.734235 
299.016405 
301.613567 
298.973954 
307.666988 
301.301533 
296.169734 
296.221673 
299.573353 
296.351122 
302.985163 
303.839464 
297.269947 
304.272158 
298.534768 
304.504586 
305.999139 
301.632646 
299.416337 
302.995951 
299.969790 
302.987661 
300.377113 
297.726913 
301.681488 
302.604508 
298.744224 
298.051233 
302.087314 
300.091447 
298.860587 
303.036503 
309.281200 
301.856583 
296.872112 
305.079414 
300.236179 
300.508659 
296.812782 
300.858251 
297.767166 
298.192469 
303.384297 
295.757915 
302.527798 
300.457620 
302.480154 
302.019193 
304.797844 
304.663001 
303.062374 
297.301210 
297.585079 
303.040399 
298.582713 
299.998856 
297.782348 
304.284844 
302.822453 
305.519000 
300.862046 
302.084917 
298.626560 
295.046448 
303.596249 
301.417197 
298.853995 
300.382008 
299.204285 
303.823583 
301.196955 
303.778535 
302.202478 
302.507322 
298.138732 
296.074745 
297.336769 
303.405073 
296.284599 
300.012640 
300.499670 
299.488253 
299.000923 
303.218390 
297.934171 
300.213705 
298.526278 
299.540991 
298.492917 
299.072839 
298.840910 
305.415221 
304.515574 
300.290514 
300.697639 
299.316554 
296.386780 
298.529574 
319.905575 
301.106760 
301.374846 
304.465432 
299.029589 
295.541768 
301.601782 
297.008053 
296.453402 
300.045502 
298.186576 
299.443805 
299.979379 
299.176517 
299.403752 
305.268193 
307.432363 
300.151178 
300.944650 
297.281234 
296.258230 
299.670939 
299.352312 
298.091187 
301.315016 
295.616082 
301.690178 
302.402045 
298.878566 
300.029920 
306.634995 
305.698490 
299.863114 
299.707696 
299.668042 
297.074676 
305.230737 
299.833349 
299.703901 
298.509198 
303.544409 
298.359673 
297.010750 
301.016766 
300.682257 
306.817182 
309.034789 
301.114751 
303.184430 
298.881762 
302.354102 
300.927670 
298.806151 
301.124839 
303.865035 
305.284475 
300.377912 
303.711015 
299.402653 
298.729740 
304.950865 
299.197593 
300.935661 
299.802686 
301.840702 
299.090518 
298.380249 
301.460347 
305.392948 
299.803984 
304.502390 
300.593560 
302.177607 
301.918610 
313.220893 
310.765465 
313.714616 
302.479055 
301.789461 
297.092854 
298.715057 
296.722887 
300.549812 
304.638130 
300.576580 
301.818328 
299.320948 
298.403122 
299.911558 
304.309714 
303.568781 
299.941024 
304.338481 
304.726527 
297.973524 
302.066138 
298.349085 
298.893948 
301.309023 
297.387110 
296.927149 
300.743585 
298.839012 
295.780589 
301.239905 
297.539632 
302.172714 
302.480254 
295.814849 
300.954039 
300.287319 
299.014706 
296.488162 
301.182771 
300.899602 
297.801326 
314.882150 
305.084908 
308.334307 
298.455960 
301.337691 
298.694781 
305.948298 
300.926971 
305.249115 
301.839803 
304.023549 
305.123263 
301.634843 
299.413740 
305.596310 
301.020161 
296.679837 
300.665876 
299.113291 
301.057218 
302.743546 
298.500409 
302.204676 
304.416889 
304.950065 
298.758307 
300.081959 
297.960140 
295.887464 
301.190862 
302.224652 
303.794217 
298.521583 
301.125639 
300.612439 
298.881962 
305.205666 
299.885588 
300.575182 
297.810915 
303.855346 
298.424297 
301.613867 
302.173213 
301.240404 
301.348178 
301.431880 
301.666106 
302.925233 
300.877728 
296.811584 
303.193720 
302.799580 
301.207043 
298.254496 
297.448838 
305.099192 
300.399487 
307.008958 
298.835316 
300.734795 
296.120991 
297.592870 
298.336900 
298.376853 
305.334316 
297.915493 
301.671999 
305.282776 
297.386111 
304.065900 
302.940716 
300.233581 
299.544487 
302.795385 
296.860127 
301.749509 
304.893432 
297.823100 
301.905526 
303.145177 
302.456481 
299.520915 
304.797044 
299.453194 
301.061213 
298.759106 
305.070725 
303.600843 
296.582251 
300.904396 
297.853664 
296.450905 
297.052102 
301.367355 
298.250400 
298.414309 
302.157632 
302.397151 
307.919693 
301.370052 
301.526370 
297.014047 
301.753004 
303.921468 
302.127367 
304.485609 
302.526500 
298.855693 
299.703702 
307.990910 
296.788011 
303.443328 
301.969252 
300.211207 
304.934184 
300.487684 
301.559531 
296.725285 
299.287887 
297.335371 
306.107012 
301.540852 
302.957895 
300.311690 
302.426017 
296.991973 
299.103403 
299.104901 
303.100129 
298.617471 
304.025047 
369.980413 
301.345880 
300.275432 
307.511769 
297.707735 
297.513262 
299.509028 
299.850529 
305.413723 
302.650555 
300.811705 
307.587681 
301.186168 
300.408976 
299.985671 
298.984442 
302.108289 
297.686360 
298.544057 
300.473101 
298.205053 
301.625054 
303.000046 
300.805413 
299.445203 
303.895099 
304.366049 
299.696609 
297.645608 
302.582535 
304.725129 
298.331805 
301.215833 
300.342953 
306.218982 
301.141719 
300.236278 
299.843737 
297.086362 
297.748188 
297.881932 
298.678200 
298.118455 
305.601703 
326.131794 
306.619414 
299.729770 
296.674943 
299.899472 
299.851328 
306.597040 
306.541105 
300.127506 
306.239957 
299.250930 
301.472233 
305.527990 
301.762893 
300.593161 
296.939334 
303.630409 
298.093484 
303.050887 
296.843446 
301.819927 
300.797422 
300.639806 
307.488198 
297.066785 
295.830631 
300.097640 
301.838504 
300.207212 
297.192938 
301.507292 
297.535536 
302.947707 
304.559422 
298.394832 
300.171354 
300.604248 
304.259873 
298.400025 
301.227120 
301.839404 
298.264684 
296.900280 
297.904206 
299.434216 
301.028352 
297.482399 
301.349477 
297.725015 
300.994292 
298.235319 
301.725936 
301.165792 
299.419733 
301.031148 
302.401646 
299.080230 
301.298236 
298.995929 
301.905925 
302.262608 
297.056496 
302.289477 
300.330168 
304.509181 
299.619699 
300.797322 
300.322678 
296.733675 
299.204984 
303.977803 
300.617632 
297.998296 
305.126659 
298.808348 
301.889645 
303.638999 
302.856514 
297.633822 
302.876890 
304.072392 
302.341715 
303.325066 
298.014576 
299.963797 
301.422191 
296.549090 
304.685875 
299.586438 
302.352304 
317.175867 
297.631824 
297.345159 
303.823284 
300.614436 
301.956666 
300.668473 
298.367664 
306.205298 
299.042175 
311.190967 
301.763991 
299.948215 
300.288917 
300.718415 
301.007576 
299.560568 
305.141741 
298.276071 
302.230147 
301.707158 
298.548552 
299.680728 
301.718544 
296.983482 
304.078385 
301.527569 
298.967262 
303.126997 
298.555244 
305.974168 
297.564004 
323.567893 
304.392917 
298.457658 
300.508260 
299.253328 
300.621628 
299.616703 
301.923904 
302.550272 
301.905526 
303.206305 
312.697205 
301.219129 
300.003750 
304.135218 
301.890243 
300.311391 
302.339918 
